3725
202333
1850
5016
57091
8334
10964
23657
26747
6241
6498
6302
3429
55145
283624
5891
29950
441250
55901
7702
54881
9572
1746
112441434
285203
5971
8639
7298
51016
29965
9768
153222
3006
100506668
11186
27289
79369
63925
64782
65008
284306
1244
10561
8896
467
79029
3858
10274
4793
55269
201163
23223
1195
54413
2353
100271836
3310
51203
2965
5991
10464
84335
1387
51277
64216
79659
152302
4616
84660
10808
54957
56902
11221
196792
81617
196264
51271
8493
7693
23082
51119
8846
5520
285958
9533
6428
91801
84154
27314
29896
9466
51491
440400
11130
51514
27340
51585
9958
157313
27000
26512
27107
84233
54482
55142
7403
10482
84065
22828
147923
8655
54942
51593
9015
9118
6434
92815
314
9636
2553
84916
9188
80314
10212
54617
10269
123720
9587
54802
81624
55180
1119
25977
8649
26511
79891
10813
9205
533
79133
6934
55003
199857
153443
6421
55659
5819
55527
7920
8349
1234
8970
285429
55823
5347
25976
388796
57396
10469
29915
51499
11319
51306
81562
83475
54971
3841
673
9807
9129
6046
51602
9113
64121
4084
10209
85028
466
196294
55632
55175
57018
9969
7544
79080
51531
54984
6804
6446
3398
147929
206338
2633
55341
25963
23387
51068
55249
54556
285331
6016
81930
51322
1106
84309
65117
54205
284309
23219
10138
58155
54505
388753
55122
57147
23640
23366
54955
56931
3364
50852
84759
7574
132720
1843
252983
63906
90637
83544
84283
26057
29841
27257
80149
348180
1649
51601
11147
4839
54516
4599
3017
1669
8367
9787
11126
1662
23645
3838
54707
8864
79706
10950
91750
3300
56851
51067
10556
55661
10440
4927
1983
83743
51575
79066
84418
79959
27297
55176
6431
10636
57703
285282
112483
285381
55602
11266
5926
113510
6873
29035
3265
94104
55081
26046
3052
2072
54433
26097
27338
55015
55119
29078
51651
80311
5080
23642
55969
84946
548645
84865
64420
5914
92340
146434
25841
391059
7153
2146
3832
54739
1524
5546
9277
11104
22911
23710
79693
23160
51566
64318
55862
83732
25978
51182
80318
80824
5515
4758
10623
439
22843
55892
25898
29080
81572
10766
80018
4040
4792
54953
26273
573
5989
91582
64089
57102
55327
3726
4733
64783
64376
6790
85013
27042
84135
64319
51663
57223
22863
84541
91746
22809
116840
23764
2033
332
1797
53343
80110
10668
1839
2874
51191
10935
3434
91543
1033
79682
3122
1991
27020
3005
54386
7265
9191
85403
26973
54883
55758
8867
51645
3301
23211
148266
25988
8546
5868
127544
112885
6059
57794
50807
9217
6832
25888
7357
55596
26959
9774
6426
54934
54891
10127
535
11056
93643
55012
51605
54968
