Beta: 4.3845528961975175e-08
Gamma: 0.9999999593805715
Mu: 0.999999956761869
R0 Calculado: 4.384553074295558e-08
