Parametros ajustados:
Beta: 0.9999999999999999
Gamma: 1.582622694012687e-21
Mu: 6.431006145173012e-22
R0 Calculado: 6.318625429694385e+20
